ENTRY            11154   20250629                             152111154000    1 
SUBENT        11154001   20250629                             152111154001    1 
BIB                  8         13                                 11154001    2 
INSTITUTE  (1USARIC)                                              11154001    3 
REFERENCE  (J,NP/A,128,183,1969)                                  11154001    4 
           #doi:10.1016/0375-9474(69)90984-1                      11154001    5 
AUTHOR     (B.E.Bonner,E.B.Paul,G.C.Phillips)                     11154001    6 
TITLE      The elastic scattering of fast neutrons by deuterons.  11154001    7 
FACILITY   (VDGT,1USARIC)                                         11154001    8 
INC-SOURCE (D-T)                                                  11154001    9 
DETECTOR   (SCIN)                                                 11154001   10 
HISTORY    (19760628T) Translated from SCISRS                     11154001   11 
           (19800814A) Converted to reaction formalism            11154001   12 
           (20250624A) OS. Added FACILITY, DETECTOR, ERR-ANALYS,  11154001   13 
            updated STATUS, REFERENCE, converted to lower and     11154001   14 
            upper case                                            11154001   15 
ENDBIB              13          0                                 11154001   16 
NOCOMMON             0          0                                 11154001   17 
ENDSUBENT           16          0                                 1115400199999 
SUBENT        11154002   20250629                             152111154002    1 
BIB                  6          8                                 11154002    2 
REACTION   (1-H-2(N,EL)1-H-2,,DA)                                 11154002    3 
METHOD     (TOF)                                                  11154002    4 
MONITOR    (1-H-1(N,EL)1-H-1,,SIG)                                11154002    5 
CORRECTION Corrected for multiple scattering.                     11154002    6 
ERR-ANALYS (DATA-ERR) Quoted error includes statistical error and 11154002    7 
            error in relative efficiency of neutron detector      11154002    8 
STATUS     (TABLE,,B.E.Bonner+,J,NP/A,128,183,1969)               11154002    9 
            Tables 1-3, p.192                                     11154002   10 
ENDBIB               8          0                                 11154002   11 
NOCOMMON             0          0                                 11154002   12 
DATA                 4         56                                 11154002   13 
EN         COS-CM     DATA-CM    DATA-ERR                         11154002   14 
MEV        NO-DIM     MB/SR      MB/SR                            11154002   15 
 5.64   +00 0.65300    1.62   +02 1.1    +01                      11154002   16 
 5.64   +00 0.53700    1.46   +02 1.0    +01                      11154002   17 
 5.64   +00 0.51900    1.30   +02 8.     +00                      11154002   18 
 5.64   +00 0.43300    1.33   +02 1.0    +01                      11154002   19 
 5.64   +00 0.41200    1.19   +02 7.     +00                      11154002   20 
 5.64   +00 0.30000    1.13   +02 7.     +00                      11154002   21 
 5.64   +00 0.18800    1.03   +02 6.     +00                      11154002   22 
 5.64   +00 0.07600    9.6    +01 6.     +00                      11154002   23 
 5.64   +00-0.0340     8.8    +01 6.     +00                      11154002   24 
 5.64   +00-0.1400     8.0    +01 5.     +00                      11154002   25 
 5.64   +00-0.3340     7.2    +01 5.     +00                      11154002   26 
 5.64   +00-0.4210     7.3    +01 5.     +00                      11154002   27 
 5.64   +00-0.5000     7.7    +01 6.     +00                      11154002   28 
 5.64   +00-0.5720     8.4    +01 7.     +00                      11154002   29 
 5.64   +00-0.6200     7.3    +01 6.     +00                      11154002   30 
 5.64   +00-0.6360     9.4    +01 7.     +00                      11154002   31 
 5.64   +00-0.6930     9.7    +01 9.     +00                      11154002   32 
 5.64   +00-0.7290     9.2    +01 9.     +00                      11154002   33 
 5.64   +00-0.7430     1.07   +02 1.1    +01                      11154002   34 
 5.64   +00-0.8130     1.54   +02 2.0    +01                      11154002   35 
 5.64   +00-0.8260     1.21   +02 1.8    +01                      11154002   36 
 7.01   +00 0.62000    1.32   +02 8.     +00                      11154002   37 
 7.01   +00 0.51900    1.27   +02 8.     +00                      11154002   38 
 7.01   +00 0.41100    1.10   +02 7.     +00                      11154002   39 
 7.01   +00 0.30000    1.03   +02 6.     +00                      11154002   40 
 7.01   +00 0.18800    8.6    +01 5.     +00                      11154002   41 
 7.01   +00 0.07600    7.3    +01 5.     +00                      11154002   42 
 7.01   +00-0.0340     6.6    +01 5.     +00                      11154002   43 
 7.01   +00-0.1400     6.5    +01 4.     +00                      11154002   44 
 7.01   +00-0.2400     5.5    +01 4.     +00                      11154002   45 
 7.01   +00-0.3340     5.0    +01 4.     +00                      11154002   46 
 7.01   +00-0.4210     4.7    +01 4.     +00                      11154002   47 
 7.01   +00-0.5000     5.0    +01 4.     +00                      11154002   48 
 7.01   +00-0.5720     5.3    +01 5.     +00                      11154002   49 
 7.01   +00-0.6360     5.8    +01 5.     +00                      11154002   50 
 7.01   +00-0.6930     7.0    +01 6.     +00                      11154002   51 
 7.01   +00-0.7430     9.3    +01 8.     +00                      11154002   52 
 7.01   +00-0.7870     1.15   +02 1.0    +01                      11154002   53 
 7.01   +00-0.8250     1.23   +02 1.2    +01                      11154002   54 
 7.01   +00-0.8580     1.34   +02 1.5    +01                      11154002   55 
 9.04   +00 0.76000    1.17   +02 9.     +00                      11154002   56 
 9.04   +00 0.65300    1.10   +02 8.     +00                      11154002   57 
 9.04   +00 0.53700    9.6    +01 7.     +00                      11154002   58 
 9.04   +00 0.43200    8.7    +01 6.     +00                      11154002   59 
 9.04   +00 0.32600    7.6    +01 6.     +00                      11154002   60 
 9.04   +00 0.21500    7.3    +01 6.     +00                      11154002   61 
 9.04   +00 0.10700    6.0    +01 5.     +00                      11154002   62 
 9.04   +00 0.00000    5.6    +01 4.     +00                      11154002   63 
 9.04   +00-0.1060     4.5    +01 4.     +00                      11154002   64 
 9.04   +00-0.3060     2.5    +01 3.     +00                      11154002   65 
 9.04   +00-0.4730     2.2    +01 2.     +00                      11154002   66 
 9.04   +00-0.6200     2.6    +01 3.     +00                      11154002   67 
 9.04   +00-0.7290     4.0    +01 4.     +00                      11154002   68 
 9.04   +00-0.8130     6.4    +01 6.     +00                      11154002   69 
 9.04   +00-0.8790     9.2    +01 9.     +00                      11154002   70 
 9.04   +00-0.9260     1.10   +02 1.2    +01                      11154002   71 
ENDDATA             58          0                                 11154002   72 
ENDSUBENT           71          0                                 1115400299999 
SUBENT        11154003   20250629                             152111154003    1 
BIB                  6          6                                 11154003    2 
REACTION   (1-H-2(N,EL)1-H-2,,DA)                                 11154003    3 
STATUS     (SPSDD,11154002)                                       11154003    4 
REFERENCE  (J,BAP,11,303(AB9),1966)                               11154003    5 
METHOD     (TOF)                                                  11154003    6 
MONITOR    (1-H-1(N,EL)1-H-1,,SIG)                                11154003    7 
HISTORY    (19840207A) BIB update.                                11154003    8 
ENDBIB               6          0                                 11154003    9 
NOCOMMON             0          0                                 11154003   10 
NODATA               0          0                                 11154003   11 
ENDSUBENT           10          0                                 1115400399999 
ENDENTRY             3          0                                 1115499999999 
