ENTRY            11798   20250629                             152111798000    1 
SUBENT        11798001   20250629                             152111798001    1 
BIB                  5          8                                 11798001    2 
INSTITUTE  (1USACOL)                                              11798001    3 
REFERENCE  (J,BAP,5,32(I2),1960)                                  11798001    4 
           (W,ROSEN,1959) Tabulated data for Nb.                  11798001    5 
AUTHOR     (S.Desjardins,J.L.Rosen,J.Rainwater,W.W.Havens Jr)     11798001    6 
TITLE      Neutron resonances in gold and niobium.                11798001    7 
HISTORY    (19770512C)                                            11798001    8 
           (19830927A) Converted to reaction formalism            11798001    9 
           (20250625U) US. Minor correction in REFERENCCE         11798001   10 
ENDBIB               8          0                                 11798001   11 
NOCOMMON             0          0                                 11798001   12 
ENDSUBENT           11          0                                 1179800199999 
SUBENT        11798002   19830927                             00001179800200001 
BIB                  2          6                                 1179800200002 
REACTION  1(41-NB-93(N,0),,EN)                                    1179800200003 
          2(41-NB-93(N,G),,WID)                                   1179800200004 
          3(41-NB-93(N,EL),,WID,,2G)                              1179800200005 
COMMENT    RESONANCE DATA AT 36 AND 42 EV GIVEN IN PHYS.REV./B,   1179800200006 
            137, 547 (1963),AND IDENTIFIED AS FROM THIS WORK,     1179800200007 
            ARE FROM ANL.                                         1179800200008 
ENDBIB               6          0                                 1179800200009 
NOCOMMON             0          0                                 1179800200010 
DATA                 5         34                                 1179800200011 
DATA      1DATA      2DATA-ERR  2DATA      3DATA-ERR  3           1179800200012 
EV         MILLI-EV   MILLI-EV   MILLI-EV   MILLI-EV              1179800200013 
  94.62     300.        45.        0.387      0.039               1179800200014 
 106.2      345.        55.        0.62       0.062               1179800200015 
 119.4      314.        40.        6.0        0.6                 1179800200016 
 194.0      308.        60.       39.0        3.5                 1179800200017 
 244.4                             1.6        0.3                 1179800200018 
 320.5                             2.73        .273               1179800200019 
 337.0      339.        64.       24.2        2.                  1179800200020 
 364.4                             1.0        0.3                 1179800200021 
 366.6                             0.5        0.2                 1179800200022 
 384.4      350.        35.      119.0        8.                  1179800200023 
 394.6                             3.5        0.5                 1179800200024 
 463.0      250.        85.       11.0        1.                  1179800200025 
 503.5                             6.         0.6                 1179800200026 
 603.                              1.2        0.5                 1179800200027 
 608.                              4.6        1.                  1179800200028 
 621.                              2.0        0.8                 1179800200029 
 645.                              6.5        1.                  1179800200030 
 677.                             10.         1.5                 1179800200031 
 683.                              2.5        1.                  1179800200032 
 727.                             24.         4.                  1179800200033 
 746.       300.        60.      240.        25.                  1179800200034 
 763.                              5.5        1.4                 1179800200035 
 920.                              8.5        1.7                 1179800200036 
 942.5      330.        30.      500.        50.                  1179800200037 
 961.0                            18.         4.                  1179800200038 
1018.       330.        35.      670.        70.                  1179800200039 
1025.                                        20.                  1179800200040 
1119.                             18.         4.                  1179800200041 
1139.                             41.         8.                  1179800200042 
1160.                            260.        50.                  1179800200043 
1185.                            450.        80.                  1179800200044 
1205.                             60.        12.                  1179800200045 
1241.                             75.        15.                  1179800200046 
1255.                             24.         6.                  1179800200047 
ENDDATA             36          0                                 1179800200048 
ENDSUBENT           47          0                                 1179800299999 
ENDENTRY             2          0                                 1179899999999 
