ENTRY            11954   20250629                             152111954000    1 
SUBENT        11954001   20250629                             152111954001    1 
BIB                  8         13                                 11954001    2 
INSTITUTE  (1USAGEO)                                              11954001    3 
REFERENCE  (J,BAP,8,60(R7),1963)                                  11954001    4 
            Short abstract, no data                               11954001    5 
           (W,RAYBURN,1966) Tabulated data                        11954001    6 
AUTHOR     (L.A.Rayburn)                                          11954001    7 
TITLE       (n,2n) Reactions in Cd106 and Pr141.                  11954001    8 
METHOD     (ACTIV) Activation                                     11954001    9 
ERR-ANALYS (DATA-ERR,9.,10.) Estimated standard deviation         11954001   10 
            9 - 10%.                                              11954001   11 
STATUS     (TABLE) Tabulated data from Rayburn, 66/02             11954001   12 
HISTORY    (19760802T) Translated from SCISRS                     11954001   13 
           (19830802A) Converted to reaction formalism            11954001   14 
           (20250625U) OS. Several BIB updates                    11954001   15 
ENDBIB              13          0                                 11954001   16 
NOCOMMON             0          0                                 11954001   17 
ENDSUBENT           16          0                                 1195400199999 
SUBENT        11954002   19830802                             00001195400200001 
BIB                  2          2                                 1195400200002 
REACTION   (48-CD-106(N,2N)48-CD-105,,SIG)                        1195400200003 
STATUS     (PRELM) PRELIMINARY                                    1195400200004 
ENDBIB               2          0                                 1195400200005 
COMMON               1          3                                 1195400200006 
DATA-ERR                                                          1195400200007 
PER-CENT                                                          1195400200008 
 10.                                                              1195400200009 
ENDCOMMON            3          0                                 1195400200010 
DATA                 3         14                                 1195400200011 
EN         EN-RSL     DATA                                        1195400200012 
MEV        MEV        B                                           1195400200013 
 1.23   +01 1.     -01 4.76   -01                                 1195400200014 
 1.29   +01 4.     -01 3.85   -01                                 1195400200015 
 1.31   +01 4.     -01 5.32   -01                                 1195400200016 
 1.35   +01 5.     -01 6.21   -01                                 1195400200017 
 1.40   +01 6.     -01 6.40   -01                                 1195400200018 
 1.43   +01 6.     -01 8.19   -01                                 1195400200019 
 1.46   +01 6.     -01 9.53   -01                                 1195400200020 
 1.49   +01 6.     -01 9.80   -01                                 1195400200021 
 1.52   +01 6.     -01 9.56   -01                                 1195400200022 
 1.57   +01 6.     -01 9.09   -01                                 1195400200023 
 1.60   +01 6.     -01 9.39   -01                                 1195400200024 
 1.63   +01 6.     -01 1.072  +00                                 1195400200025 
 1.73   +01 6.     -01 9.90   -01                                 1195400200026 
 1.78   +01 2.     -01 1.044  +00                                 1195400200027 
ENDDATA             16          0                                 1195400200028 
ENDSUBENT           27          0                                 1195400299999 
SUBENT        11954003   19830802                             00001195400300001 
BIB                  2          2                                 1195400300002 
REACTION   (59-PR-141(N,2N)59-PR-140,,SIG)                        1195400300003 
STATUS     (PRELM) PRELIMINARY                                    1195400300004 
ENDBIB               2          0                                 1195400300005 
COMMON               1          3                                 1195400300006 
DATA-ERR                                                          1195400300007 
PER-CENT                                                          1195400300008 
 10.                                                              1195400300009 
ENDCOMMON            3          0                                 1195400300010 
DATA                 3         20                                 1195400300011 
EN         EN-RSL     DATA                                        1195400300012 
MEV        MEV        B                                           1195400300013 
 1.23   +01 1.     -01 6.95   -01                                 1195400300014 
 1.30   +01 4.     -01 1.403  +00                                 1195400300015 
 1.33   +01 4.     -01 1.475  +00                                 1195400300016 
 1.35   +01 5.     -01 1.702  +00                                 1195400300017 
 1.38   +01 5.     -01 1.769  +00                                 1195400300018 
 1.40   +01 6.     -01 1.916  +00                                 1195400300019 
 1.43   +01 6.     -01 2.021  +00                                 1195400300020 
 1.46   +01 6.     -01 1.902  +00                                 1195400300021 
 1.49   +01 6.     -01 1.941  +00                                 1195400300022 
 1.52   +01 6.     -01 1.895  +00                                 1195400300023 
 1.54   +01 7.     -01 1.786  +00                                 1195400300024 
 1.57   +01 6.     -01 1.857  +00                                 1195400300025 
 1.59   +01 7.     -01 1.867  +00                                 1195400300026 
 1.62   +01 6.     -01 1.778  +00                                 1195400300027 
 1.64   +01 7.     -01 1.701  +00                                 1195400300028 
 1.68   +01 6.     -01 1.855  +00                                 1195400300029 
 1.70   +01 6.     -01 1.764  +00                                 1195400300030 
 1.73   +01 6.     -01 1.802  +00                                 1195400300031 
 1.75   +01 5.     -01 1.840  +00                                 1195400300032 
 1.78   +01 2.     -01 1.807  +00                                 1195400300033 
ENDDATA             22          0                                 1195400300034 
ENDSUBENT           33          0                                 1195400399999 
ENDENTRY             3          0                                 1195499999999 
