ENTRY            12461   20250629                             152112461000    1 
SUBENT        12461001   20250629                             152112461001    1 
BIB                  8         13                                 12461001    2 
INSTITUTE  (1USAANL)                                              12461001    3 
REFERENCE  (J,PR,171,1293,1968)                                   12461001    4 
           #doi:10.1103/PhysRev.171.1293                          12461001    5 
           (S,EANDC-50-S,(1),(96),1965)                           12461001    6 
AUTHOR     (L.M.Bollinger,G.E.Thomas)                             12461001    7 
TITLE      p-wave resonances of U238.                             12461001    8 
FACILITY   (CHOPF,1USAANL)                                        12461001    9 
ERR-ANALYS (DATA-ERR) No information on sources of uncertainties  12461001   10 
STATUS     (SCSRS)                                                12461001   11 
HISTORY    (19760804T) Translated from SCISRS                     12461001   12 
           (19830809A) Converted to reaction formalism            12461001   13 
           (20250629A) OS. 2nd REFERENCE replaced, FACILITY added,12461001   14 
             converted to lower and upper case                    12461001   15 
ENDBIB              13          0                                 12461001   16 
NOCOMMON             0          0                                 12461001   17 
ENDSUBENT           16          0                                 1246100199999 
SUBENT        12461002   19830809                             00001246100200001 
BIB                  2          2                                 1246100200002 
REACTION   (92-U-238(N,EL),,WID,,2G)                              1246100200003 
ANALYSIS   (AREA)     AREA ANALYSIS                               1246100200004 
ENDBIB               2          0                                 1246100200005 
COMMON               1          3                                 1246100200006 
MOMENTUM L                                                        1246100200007 
NO-DIM                                                            1246100200008 
    1.                                                            1246100200009 
ENDCOMMON            3          0                                 1246100200010 
DATA                 4         16                                 1246100200011 
EN-RES     EN-ERR     DATA       DATA-ERR                         1246100200012 
MEV        MEV        MILLI-EV   MILLI-EV                         1246100200013 
 4.41   -06 1.     -08 2.22   -04 4.     -06                      1246100200014 
 1.025  -05 2.     -08 3.12   -03 2.     -05                      1246100200015 
 1.132  -05 2.     -08 7.16   -04 1.2    -05                      1246100200016 
 1.630  -05 4.     -08 1.06   -04 3.0    -05                      1246100200017 
 1.960  -05 4.     -08 2.0    -03 2.     -04                      1246100200018 
 4.52   -05 2.     -07 1.66   -03 3.0    -04                      1246100200019 
 4.96   -05 2.     -07 1.36   -03 4.6    -04                      1246100200020 
 5.79   -05 3.     -07 9.6    -04 1.6    -04                      1246100200021 
 6.36   -05 3.     -07 1.1    -02 3.     -03                      1246100200022 
 8.35   -05 4.     -07 1.40   -02 1.4    -03                      1246100200023 
 8.95   -05 4.     -07 1.70   -01 8.     -03                      1246100200024 
 9.32   -05 5.     -07 6.0    -03 1.2    -03                      1246100200025 
 1.250  -04 6.     -07 2.84   -02 4.0    -03                      1246100200026 
 1.526  -04 8.     -07 7.4    -02 4.     -03                      1246100200027 
 1.593  -04 1.0    -06 2.08   -02 2.6    -03                      1246100200028 
 1.733  -04 1.0    -06 6.68   -02 8.0    -03                      1246100200029 
ENDDATA             18          0                                 1246100200030 
ENDSUBENT           29          0                                 1246100299999 
ENDENTRY             2          0                                 1246199999999 
