ENTRY            13081   20250601                             152013081000    1 
SUBENT        13081001   20250601                             152013081001    1 
BIB                  9         14                                 13081001    2 
INSTITUTE  (1USAORL)                                              13081001    3 
REFERENCE  (J,PR,137,B837,1965)                                   13081001    4 
           #doi:10.1103/PhysRev.137.B837                          13081001    5 
AUTHOR     (H.W.Schmitt,W.E.Kiker,C.W.Williams)                   13081001    6 
TITLE      Precision measurements of correlated energies and      13081001    7 
           velocities of Cf-252 fragments                         13081001    8 
METHOD     (TOF)                                                  13081001    9 
DETECTOR   (SIBAR)                                                13081001   10 
CORRECTION Corrected for resolution                               13081001   11 
ERR-ANALYS No information                                         13081001   12 
HISTORY    (19890515C) VM                                         13081001   13 
           (20061127A) DR Reference corrected to follow APS format13081001   14 
           (20250529A) OS. REACTION and data definition in sub.2  13081001   15 
            corrected, REFERENCE code modified, STATUS corrected  13081001   16 
ENDBIB              14          0                                 13081001   17 
NOCOMMON             0          0                                 13081001   18 
ENDSUBENT           17          0                                 1308100199999 
SUBENT        13081002   20250601                             152013081002    1 
BIB                  3          6                                 13081002    2 
REACTION   (98-CF-252(0,F)MASS,SEC,FY)                            13081002    3 
STATUS     (TABLE,,H.W.Schmitt+,J,PR,137,B837,1965)               13081002    4 
            Table II, PR,137,B837,1965                            13081002    5 
HISTORY    (20250529A) REACTION SF5 corrected, DATA-MAX points    13081002    6 
            reassigned to DATA according to publication, related  13081002    7 
            COMMENT deleted                                       13081002    8 
ENDBIB               6          0                                 13081002    9 
NOCOMMON             0          0                                 13081002   10 
DATA                 2         82                                 13081002   11 
MASS       DATA                                                   13081002   12 
NO-DIM     PC/FIS                                                 13081002   13 
 82.         0.064                                                13081002   14 
 83.         0.082                                                13081002   15 
 84.         0.115                                                13081002   16 
 85.         0.156                                                13081002   17 
 86.         0.148                                                13081002   18 
 87.         0.163                                                13081002   19 
 88.         0.281                                                13081002   20 
 89.         0.372                                                13081002   21 
 90.         0.487                                                13081002   22 
 91.         0.477                                                13081002   23 
 92.         0.727                                                13081002   24 
 93.         0.911                                                13081002   25 
 94.         1.029                                                13081002   26 
 95.         1.219                                                13081002   27 
 96.         1.535                                                13081002   28 
 97.         1.747                                                13081002   29 
 98.         2.229                                                13081002   30 
 99.         3.098                                                13081002   31 
100.         3.490                                                13081002   32 
101.         4.394                                                13081002   33 
102.         5.414                                                13081002   34 
103.         5.556                                                13081002   35 
104.         5.916                                                13081002   36 
105.         5.935                                                13081002   37 
106.         5.742                                                13081002   38 
107.         6.536                                                13081002   39 
108.         6.215                                                13081002   40 
109.         5.348                                                13081002   41 
110.         4.971                                                13081002   42 
111.         4.931                                                13081002   43 
112.         4.327                                                13081002   44 
113.         3.805                                                13081002   45 
114.         3.265                                                13081002   46 
115.         2.810                                                13081002   47 
116.         2.191                                                13081002   48 
117.         1.419                                                13081002   49 
118.         1.123                                                13081002   50 
119.         0.731                                                13081002   51 
120.         0.404                                                13081002   52 
122.         0.226                                                13081002   53 
123.         0.035                                                13081002   54 
124.         0.036                                                13081002   55 
125.         0.068                                                13081002   56 
126.         0.088                                                13081002   57 
127.         0.171                                                13081002   58 
128.         0.393                                                13081002   59 
129.         0.557                                                13081002   60 
130.         1.081                                                13081002   61 
131.         1.718                                                13081002   62 
132.         2.329                                                13081002   63 
133.         2.843                                                13081002   64 
134.         3.493                                                13081002   65 
135.         4.031                                                13081002   66 
136.         4.953                                                13081002   67 
137.         5.465                                                13081002   68 
138.         5.266                                                13081002   69 
139.         5.564                                                13081002   70 
140.         5.806                                                13081002   71 
141.         5.859                                                13081002   72 
142.         5.621                                                13081002   73 
143.         5.685                                                13081002   74 
144.         5.590                                                13081002   75 
145.         5.196                                                13081002   76 
146.         4.612                                                13081002   77 
147.         4.471                                                13081002   78 
148.         3.744                                                13081002   79 
149.         2.751                                                13081002   80 
150.         2.384                                                13081002   81 
151.         2.107                                                13081002   82 
152.         1.936                                                13081002   83 
153.         1.510                                                13081002   84 
154.         1.007                                                13081002   85 
155.         0.868                                                13081002   86 
156.         0.758                                                13081002   87 
157.         0.559                                                13081002   88 
158.         0.389                                                13081002   89 
159.         0.283                                                13081002   90 
160.         0.359                                                13081002   91 
161.         0.167                                                13081002   92 
162.         0.100                                                13081002   93 
163.         0.137                                                13081002   94 
164.         0.070                                                13081002   95 
ENDDATA             84          0                                 13081002   96 
ENDSUBENT           95          0                                 1308100299999 
ENDENTRY             2          0                                 1308199999999 
